Period = 7.434343434343435 (integration)
Period = 7.4162987092054875 (exact)
Relative error = 0.002433117360220349