x = 0.26959443640544456, f(x) = 0.0
x = 0.8375654352833231, f(x) = 0.0